{
  "stations": [
    "Iidabashi",
    "Tokyo",
    "Shibuya",
    "Akihabara",
    "Asakusa",
    "Ueno",
    "Ikebukuro",
    "Roppongi",
    "Ginza",
    "Shinjuku",
    "Akabanebashi"
  ],
  "mode": "cheapest",
  "metric": "fare",
  "date": 20251128,
  "time": 1200,
  "matrix": [
    [
      0,
      170,
      180,
      150,
      210,
      170,
      180,
      210,
      180,
      170,
      280
    ],
    [
      170,
      0,
      210,
      150,
      180,
      170,
      210,
      180,
      180,
      210,
      220
    ],
    [
      180,
      210,
      0,
      210,
      260,
      210,
      180,
      210,
      210,
      170,
      210
    ],
    [
      150,
      150,
      210,
      0,
      180,
      150,
      210,
      210,
      180,
      180,
      220
    ],
    [
      210,
      180,
      260,
      180,
      0,
      100,
      260,
      210,
      210,
      260,
      220
    ],
    [
      170,
      150,
      210,
      150,
      100,
      0,
      180,
      210,
      180,
      210,
      290
    ],
    [
      180,
      210,
      180,
      210,
      210,
      180,
      0,
      260,
      210,
      170,
      320
    ],
    [
      210,
      180,
      210,
      210,
      210,
      210,
      260,
      0,
      180,
      210,
      100
    ],
    [
      180,
      180,
      210,
      180,
      210,
      180,
      210,
      180,
      0,
      210,
      280
    ],
    [
      170,
      210,
      170,
      180,
      260,
      210,
      170,
      210,
      210,
      0,
      220
    ],
    [
      280,
      220,
      210,
      220,
      220,
      290,
      320,
      180,
      290,
      220,
      0
    ]
  ]
}