{
  "stations": [
    "Iidabashi",
    "Tokyo",
    "Shibuya",
    "Akihabara",
    "Asakusa",
    "Ueno",
    "Ikebukuro",
    "Roppongi",
    "Ginza",
    "Shinjuku",
    "Akabanebashi"
  ],
  "mode": "fastest",
  "metric": "alpha*T_norm + beta*C_norm + gamma*R_norm (3sf)",
  "date": 20251128,
  "time": 1200,
  "weights": {
    "alpha": 0.01,
    "beta": 0.998,
    "gamma": 0.01
  },
  "max": {
    "T": 65.0,
    "C": 320.0,
    "R": 2.0
  },
  "sources": {
    "T": "./Matrix/cheapest_time.json",
    "C": "./Matrix/cheapest_cost.json",
    "R": "./Matrix/cheapest_transfers.json"
  },
  "matrix": [
    [
      0.0,
      0.537,
      0.569,
      0.469,
      0.664,
      0.537,
      0.563,
      0.664,
      0.568,
      0.532,
      0.878
    ],
    [
      0.536,
      0.0,
      0.663,
      0.468,
      0.571,
      0.531,
      0.657,
      0.569,
      0.562,
      0.657,
      0.701
    ],
    [
      0.569,
      0.663,
      0.0,
      0.663,
      0.816,
      0.659,
      0.563,
      0.668,
      0.662,
      0.531,
      0.662
    ],
    [
      0.469,
      0.468,
      0.663,
      0.0,
      0.568,
      0.468,
      0.658,
      0.659,
      0.563,
      0.568,
      0.697
    ],
    [
      0.664,
      0.571,
      0.816,
      0.568,
      0.0,
      0.32,
      0.827,
      0.665,
      0.658,
      0.822,
      0.695
    ],
    [
      0.537,
      0.479,
      0.659,
      0.468,
      0.317,
      0.0,
      0.564,
      0.659,
      0.563,
      0.663,
      0.919
    ],
    [
      0.563,
      0.658,
      0.563,
      0.658,
      0.665,
      0.564,
      0.0,
      0.821,
      0.658,
      0.531,
      1.01
    ],
    [
      0.664,
      0.569,
      0.659,
      0.658,
      0.665,
      0.659,
      0.821,
      0.0,
      0.563,
      0.664,
      0.316
    ],
    [
      0.568,
      0.562,
      0.657,
      0.563,
      0.658,
      0.563,
      0.658,
      0.563,
      0.0,
      0.658,
      0.883
    ],
    [
      0.532,
      0.657,
      0.531,
      0.568,
      0.822,
      0.663,
      0.531,
      0.664,
      0.658,
      0.0,
      0.688
    ],
    [
      0.878,
      0.702,
      0.662,
      0.697,
      0.695,
      0.919,
      1.01,
      0.562,
      0.917,
      0.688,
      0.0
    ]
  ]
}